For copyright reasons, this file includes only the filenames from the ISIC dataset used in this study. To reconstruct the original dataset, simply visit the ISIC project website and download the corresponding files.

BENIGN
0000000
0000001
0000006
0000007
0000008
0000009
0000010
0000011
0000014
0000015
0000016
0000067
0000068
0000072
0000073
0000075
0000080
0000082
0000083
0000086
0000088
0000089
0000092
0000108
0000110
0000113
0000117
0000120
0000121
0000122
0000129
0000130
0000135
0000137
0000181
0000182
0000185
0000186
0000199
0000202
0000206
0000211
0000212
0000213
0000216
0000221
0000222
0000223
0000225
0000226
0000227
0000228
0000230
0000232
0000238
0000239
0000240
0000241
0000243
0000247
0000256
0000261
0000262
0000263
0000269
0000271
0000273
0000274
0000316
0000325
0000329
0000332
0000338
0000347
0000348
0000351
0000354
0000357
0000363
0000367
0000370
0000374
0000377
0000384
0000385
0000386
0000387
0000388
0000409
0000416
0000419
0000421
0000423
0000427
0000439
0000442
0000447
0000453
0000454
0000455
0000457
0000460
0000461
0000470
0000471
0000478
0000483
0000486
0000488
0000493
0000495
0000496
0000501
0000503
0000506
0000507
0000508
0000509
0000510
0000514
0000515
0000524
0000525
0000532
0000534
0000535
0000536
0000538
0000539
0000540
0000541
0000543
0000544
0000545
0000546
0000559
0000560
0000563
0000578
0000579
0000595
0000596
0000619
0000686
0000688
0000700
0000706
0000714
0000715
0000719
0000720
0000721
0000723
0000724
0000727
0000732
0000734
0000773
0000775
0000777
0000778
0000779
0000780
0000821
0000822
0000823
0000824
0000834
0000835
0000836
0000852
0000853
0000854
0000855
0000860
0000861
0000865
0000868
0000869
0000872
0000878
0000879
0000900
0000907
0000908
0000943
0000944
0000945
0000948
0000949
0000951
0000953
0000954
0000955
0000958
0000967
0000970
0001001
0001007
0001036
0001037
0001038
0001041
0001042
0001043
0001063
0001067
0001078
0001145
0001150
0001158
0001161
0001162
0001164
0001165
0001167
0001172
0001173
0001175
0001177
0001181
0001183
0001184
0001185
0001186
0001192
0001205
0001206
0001207
0001208
0001209
0001211
0001213
0001214
0001215
0001216
0001220
0001221
0001222
0001258
0001259
0001260
0001261
0001295
0001296
0001297
0001298
0001300
0001302
0001308
0001312
0001314
0001333
0001336
0001338
0001346
0001352
0001354
0001355
0001357
0001358
0001359
0001372
0001434
0001435
0001436
0001461
0001464
0001465
0001475
0001476
0001477
0001485
0001486
0001505
0001506
0001507
0001508
0001509
0001511
0001513
0001515
0001516
0001520
0001521
0001523
0001524
0001550
0001551
0001558
0001559
0001560
0001561
0001595
0001597
0001600
0001602
0001608
0001612
0001614
0001623
0001624
0001631
0001632
0001633
0001636
0001638
0001646
0001652
0001655
0001657
0001658
0001667
0001672
0001734
0001735
0001736
0001863
0001864
0001865
0001869
0001871
0001873
0001876
0001882
0001942
0001990
0002001
0002002
0002003
0002004
0002006
0002008
0002038
0002041
0002042
0002043
0002044
0002047
0002049
0002050
0002082
0002107
0002111
0002122
0002128
0002129
0002130
0002134
0002137
0002138
0002142
0002146
0002152
0002153
0002281
0002282
0002283
0002284
0002453
0002476
0002489
0002490
0002491
0002492
0002494
0002499
0002535
0002545
0002554
0002555
0002606
0002607
0002612
0002613
0002626
0002629
0002631
0002637
0002638
0002641
0002642
0002644
0002645
0002646
0002647
0002648
0002649
0002651
0002654
0002661
0002671
0002674
0002676
0002678
0002679
0002689
0002709
0002710
0002711
0002722
0002734
0002742
0002743
0002769
0002770
0002771
0002775
0002798
0002801
0002854
0002863
0002878
0002879
0002880
0002899
0002901
0002903
0002904
0002914
0002927
0002928
0002929
0002931
0002938
0002939
0002942
0002948
0002953
0002968
0002970
0002971
0002975
0002976
0002978
0002982
0002987
0002989
0003000
0003002
0003011
0003040
0003041
0003070
0003073
0003076
0003191
0003213
0003217
0003219
0003228
0003229
0003234
0003235
0003265
0003270
0003271
0003340
0003368
0003374
0003385
0003433
0003435
0003442
0003445
0003454
0003456
0003458
0003471
0003472
0003488
0003492
0003500
0003513
0003516
0003523
0003578
0003663
0003672
0003678
0003735
0003847
0003848
0003912
0003951
0003985
0003989
0004015
0004023
0004024
0004071
0004103
0004133
0004140
0004141
0004142
0004146
0004147
0004193
0004197
0004204
0004227
0004229
0004258
0004267
0004276
0004281
0004282
0004285
0004289
0004293
0004300
0004330
0004346
0004418
0004424
0004426
0004495
0004522
0004537
0004550
0004587
0004594
0004948
0004976
0005055
0005068
0005112
0005120
0005121
0005122
0005123
0005130
0005224
0005294
0005376
0005377
0005383
0005450
0005580
0005582
0005583
0005594
0005597
0005598
0005601
0005608
0005658
0005709
0005713
0005818
0005819
0005823
0005824
0005825
0005901
0005904
0005905
0005906
0005913
0005914
0005968
0006019
0006143
0006227
0006260
0006261
0006263
0006325
0006328
0006329
0006330
0006361
0006452
0006455
0006510
0006521
0006607
0006617
0006641
0006657
0006689
0006693
0006749
0006828
0006831
0006934
0007000
0007016
0007087
0007186
0007188
0007189
0007220
0007241
0007386
0007417
0007553
0007579
0007693
0007715
0007732
0007739
0007756
0007776
0007795
0007808
0007848
0007892
0007897
0007914
0007974
0008004
0008034
0008069
0008104
0008192
0008219
0008241
0008245
0008284
0008318
0008437
0008510
0008513
0008536
0008586
0008621
0008622
0008639
0008666
0008723
0008737
0008748
0008774
0008780
0008798
0008799
0008878
0008944
0011432
0011539
0011540
0011925
0011980
0014687
0014725
0014846
0015130
0015625
0281404
0516337
0626501
1013796
1926656
1944783
1948097
1962482
1962639
1977026
1983516
1990046
1991157
1994515
1994545
2007864
2008230
2009761
2011758
2012659
2015265
2015293
2019149
2037328
2038480
2048638
2050638
2053051
2068908
2092150
2092685
2106823
2110130
2115449
2120371
2126084
2129292
2141486
2142686
2143789
2144644
2147395
2151459
2157103
2163567
2168953
2171616
2182839
2188465
2205007
2215371
2228270
2238187
2238376
2245325
2253931
2258049
2264825
2275597
2276317
2276409
2288919
2292207
2293804
2294790
2297987
2299862
2305905
2313297
2313673
2315118
2322693
2328690
2330388
2333274
2334434
2338392
2340635
2346775
2348336
2352598
2354133
2365745
2366287
2375107
2376016
2377039
2379908
2381167
2381283
2382078
2383571
2384274
2387142
2388001
2388532
2389900
2390283
2391542
2394780
2395859
2397307
2413554
2413722
2414373
2414689
2421696
2423735
2424673
2424791
2438917
2438935
2445235
2445910
2463014
2465244
2466892
2467125
2470542
2472529
2479346
2482653
2484586
2487524
2487678
2489146
2489504
2494060
2494296
2494956
2495644
2496068
2496332
2496831
2500637
2502377
2507340
2507761
2507944
2511249
2513338
2516636
2518443
2519178
2519916
2521947
2524113
2524743
2530259
2532643
2541969
2542479
2547431
2549331
2553784
2555904
2558816
2566820
2570708
2575536
2577147
2577625
2577881
2585066
2587913
2590211
2596390
2599134
2600152
2601166
2601893
2603420
2612661
2612936
2614904
2616719
2616987
2620159
2620357
2628563
2633745
2634356
2636672
2638310
2638895
2642873
2644876
2646316
2647269
2647453
2659591
2660062
2660641
2665498
2670619
2673511
2678325
2679138
2679918
2682598
2684246
2684745
2684903
2685263
2685457
2685592
2687164
2687175
2692366
2693385
2702929
2709809
2709961
2711019
2712126
2718103
2729109
2730610
2731386
2731957
2732573
2735620
2741998
2750991
2754949
2759098
2761854
2765023
2767991
2769292
2771979
2778855
2782870
2784965
2786160
2790255
2791755
2792035
2793903
2794836
2797210
2797695
2802549
2808323
2811348
2811564
2812270
2817153
2817816
2818474
2824368
2824478
2826766
2827719
2845758
2850143
2856658
2869813
2872349
2876194
2878344
2888272
2888815
2889981
2898108
2898780
2901605
2910474
2913019
2913917
2914353
2914880
2915747
2917467
2922099
2922270
2927205
2927587
2927673
2933202
2943089
2945072
2945324
2945891
2946577
2946626
2950182
2951758
2954014
2957102
2958837
2962753
2968272
2969301
2969968
2970312
2973059
2978983
2982895
2988993
2991986
2993032
2994772
2999018
3001462
3003666
3003779
3008539
3009493
3010072
3022527
3025758
3026934
3029937
3046710
3049028
3049927
3056193
3063260
3065253
3066296
3067657
3067885
3070087
3071973
3074949
3079729
3082398
3083711
3086038
3087274
3090246
3090826
3091457
3092441
3093069
3095085
3096016
3097253
3099438
3100819
3100885
3103863
3114020
3125318
3125427
3134070
3134415
3134683
3136228
3136263
3140098
3142775
3144003
3144326
3147179
3148361
3149717
3151260
3154716
3157921
3160291
3161477
3165425
3167799
3171941
3180138
3183653
3183946
3185470
3198078
3201945
3203303
3204621
3209641
3210813
3213469
3213484
3216562
3219286
3227705
3227802
3229879
3230164
3235491
3238064
3244329
3249936
3255457
3264124
3267036
3267929
3269241
3269863
3270209
3274592
3274903
3278148
3281252
3291621
3292151
3296066
3296136
3299783
3300386
3303825
3304345
3307352
3310625
3314853
3329099
3331533
3333135
3337833
3341811
3349562
3351401
3354831
3356216
3357584
3360764
3365692
3366103
3367944
3368385
3370255
3371249
3371722
3375921
3380520
3380547
3382231
3383481
3385810
3391254
3392433
3393651
3394796
3397174
3397377
3397583
3400298
3401240
3401780
3402347
3413138
3413657
3417724
3418068
3418978
3426714
3427736
3427958
3430311
3440178
3441543
3445393

MALIGNANT


0000312
0009993
0010000
0010001
0010016
0010023
0010024
0010034
0010036
0010067
0010089
0010094
0010119
0010137
0010140
0010145
0010175
0010225
0010231
0010241
0010251
0010267
0010278
0010283
0010295
0010313
0010319
0010321
0010350
0010360
0010364
0010385
0010394
0010397
0010398
0010401
0010423
0010432
0010466
0010468
0010476
0010485
0010514
0010533
0010534
0010543
0010548
0010555
0010587
0010591
0010597
0010609
0010644
0010648
0010653
0010655
0010663
0010728
0010729
0010730
0010741
0010749
0010750
0010757
0010764
0010765
0010766
0010777
0010783
0010784
0010785
0010792
0010803
0010810
0010834
0010852
0010860
0010862
0010876
0010883
0010925
0010965
0010977
0010978
0010990
0010995
0011012
0011030
0011040
0011057
0011130
0011132
0011135
0011137
0011139
0011140
0011151
0011158
0011163
0011169
0011176
0011196
0011256
0011268
0011269
0011276
0011315
0011366
0011388
0011390
0011436
0011437
0011459
0011460
0011488
0011491
0011507
0011508
0011512
0011613
0011614
0011615
0011616
0011617
0011684
0011801
0011802
0011875
0011879
0011892
0011895
0011904
0011950
0011951
0012047
0012063
0012065
0012066
0012067
0012069
0012099
0012137
0012208
0012288
0012290
0012369
0012391
0012434
0012435
0012756
0012758
0012930
0012988
0013072
0013073
0013184
0013321
0013334
0013427
0013455
0013457
0013491
0013530
0013626
0013639
0013678
0013733
0013766
0013783
0013842
0013865
0013936
0013984
0013987
0014013
0014049
0014059
0014082
0014088
0014156
0014157
0014173
0014187
0014238
0014289
0014316
0014325
0014327
0014360
0014369
0014428
0014478
0014545
0014897
0015041
0024235
0024688
0024805
0024806
0024864
0024898
0024911
0024918
0024932
0024951
0025035
0025081
0025085
0025105
0025121
0025128
0025132
0025153
0025235
0025265
0025316
0025324
0025413
0025439
0025450
0025451
0025489
0025550
0025589
0025592
0025603
0025611
0025663
0025708
0025724
0025744
0025755
0025783
0025791
0025800
0025832
0025835
0025891
0025941
0025964
0025987
0026081
0026089
0026105
0026115
0026120
0026150
0026207
0026236
0026239
0026258
0026352
0026369
0026420
0026475
0026506
0026516
0026558
0026694
0026746
0026774
0026802
0026897
0026909
0026993
0026996
0027030
0027060
0027063
0027089
0027125
0027171
0027174
0027190
0027234
0027238
0027260
0027277
0027359
0027387
0027402
0027407
0027480
0027502
0027507
0027604
0027616
0027620
0027622
0027673
0027742
0027769
0027793
0027797
0027832
0027863
0027904
0027964
0028017
0028029
0028033
0028065
0028069
0028109
0028114
0028126
0028215
0028219
0028225
0028288
0028291
0028326
0028410
0028412
0028445
0028467
0028489
0028493
0028520
0028565
0028579
0028718
0028760
0028764
0028773
0028898
0028899
0028915
0028929
0028930
0028969
0028984
0029013
0029017
0029028
0029033
0029056
0029216
0029272
0029316
0029480
0029495
0029538
0029606
0029652
0029839
0029859
0029885
0029914
0030002
0030032
0030034
0030047
0030060
0030083
0030106
0030119
0030122
0030171
0030223
0030246
0030255
0030281
0030360
0030391
0030440
0030501
0030512
0030521
0030623
0030653
0030681
0030689
0030695
0030747
0030760
0030795
0030818
0030828
0030843
0031005
0031025
0031034
0031146
0031203
0031295
0031369
0031386
0031389
0031406
0031417
0031494
0031498
0031529
0031545
0031550
0031561
0031565
0031642
0031709
0031711
0031741
0031746
0031821
0031844
0031908
0031915
0031953
0031977
0032019
0032095
0032152
0032204
0032232
0032287
0032313
0032372
0032400
0032425
0032447
0032526
0032547
0032550
0032552
0032559
0032597
0032598
0032602
0032603
0032610
0032622
0032624
0032626
0032637
0032672
0032684
0032685
0032709
0032716
0032724
0032736
0032750
0032836
0032845
0032847
0032872
0032887
0032888
0032917
0032925
0032975
0032976
0032981
0032982
0032993
0033024
0033042
0033047
0033081
0033089
0033099
0033103
0033114
0033120
0033122
0033129
0033141
0033152
0033166
0033174
0033178
0033180
0033193
0033196
0033206
0033216
0033241
0033268
0033275
0033300
0033302
0033304
0033320
0033333
0033387
0033393
0033432
0033444
0033470
0033476
0033500
0033534
0033545
0033560
0033562
0033568
0055264
0055282
0055550
0055680
0055714
0055876
0055905
0056017
0056044
0056047
0056089
0056092
0056113
0056152
0056364
0056483
0056484
0056601
0056655
0056749
0056790
0056819
0056902
0056984
0056991
0057015
0057089
0057141
0057169
0057244
0057307
0057374
0057395
0057462
0057531
0057534
0057556
0057700
0057716
0057762
0057787
0057898
0057960
0057999
0058010
0058046
0058050
0058151
0058174
0058177
0058331
0058346
0058408
0058617
0058625
0058723
0058792
0058836
0059005
0059140
0059141
0059148
0059165
0059171
0059273
0059294
0059318
0059343
0059349
0059353
0059435
0059444
0059473
0059512
0059593
0059601
0059605
0059608
0059632
0059770
0059773
0059786
0059891
0060033
0060239
0060355
0060403
0060508
0060511
0060585
0060586
0060648
0060656
0060679
0060741
0060760
0060832
0060937
0060967
0060978
0060994
0060999
0061021
0061066
0061085
0061152
0061183
0061224
0061231
0061244
0061265
0061300
0061418
0061566
0061581
0061583
0061705
0061735
0061812
0061831
0061880
0061884
0061936
0062042
0062158
0062160
0062196
0062235
0062251
0062286
0062298
0062301
0062325
0062468
0062505
0062524
0062530
0062531
0062639
0062649
0062709
0062762
0062765
0062770
0062827
0062944
0062970
0063018
0063026
0063046
0063081
0063151
0063168
0063181
0063182
0063190
0063191
0063198
0063225
0063233
0063234
0063241
0063243
0063369
0063467
0063551
0063664
0063715
0063748
0063842
0063845
0063852
0063946
0063960
0064014
0064023
0064060
0064062
0064072
0064073
0064080
0064102
0064107
0064116
0064134
0064141
0064261
0064307
0064320
0064337
0064344
0064360
0064472
0064483
0064559
0064606
0064625
0064633
0064752
0064784
0064822
0064823
0064860
0064868
0064874
0064881
0064910
0064925
0064926
0064927
0064933
0064941
0065001
0065013
0065128
0065229
0065253
0065398
0065463
0065516
0065598
0065675
0065714
0065727
0065774
0065775
0065872
0065918
0066001
0066109
0066200
0066203
0066209
0066217
0066376
0071471
0071594
0071632
0071668
0071778
0071783
0071800
0071834
0071892
0071906
0071916
0071972
0072001
0072004
0072078
0072111
0072136
0072157
0072171
0072182
0072252
0072271
0072280
0072286
0072301
0072330
0072371
0072374
0072375
0072440
0072507
0072535
0072559
0072582
0072595
0072631
0072694
0072730
0072843
0072896
0072917
0072924
0072990
0072991
0073016
0073136
0073237
0272509
0327406
0333091
0337631
0504165
0647224
0662000
0779920
0911264
0946787
1068686
1110583
1124434
1157032
1177153
1247683
1330008
1356715
1369967
1388552
1412843
1460932
1473522
1484659
1616031
1654342
1752943
1881133
2033237
2072219
2077116
2101624
2272218
2406492
2437633
2609984
2724529
2739449
2750230
2776906
2822718
2871230
2937642
2974214
2979268
3203344
3301933
3319229
3338629
3464344
3475660
3733653
3775417
3824206
3944634
3963183
3996796
4377208
4378189
4425322
4584265
4653503
4874581
4936662
4938994
5046082
5147292
5272223
5315062
5365617
5391758
5415761
5495413
5667461
5714411
5732201
5747486
5747942
5922588
6024335
6056121
6220625
6285925
6313487
6348638
6398283
6398669
6613150
6620377
6625102
6688417
6713432
6714082
6767569
6784593
6809586
6945634
6982386
7035246
7079349
7100755
7101732
7130929
7205745
7233368
7253401
7295035
7577395
7612992
7626256
7658729
7693611
7788318
7872595
7927525
7960321
8002875
8027899
8106899
8167374
8175453
8207974
8281208
8325226
8437493
8485716
8838753
8892236
9000234
9048507
9130157
9164054
9210255
9685931
9754098
9770677
9900191